freq_energy,cross_sect
420.0,9.087221973706967e-17
420.1,9.107668458780723e-17
420.20000000000005,9.128183822463208e-17
420.30000000000007,9.14876837354221e-17
420.4000000000001,9.169422422532537e-17
420.5000000000001,9.190146281687581e-17
420.60000000000014,9.210940265010968e-17
420.70000000000016,9.231804688268329e-17
420.8000000000002,9.252739868999109e-17
420.9000000000002,9.273746126528531e-17
421.0000000000002,9.294823781979599e-17
421.10000000000025,9.315973158285232e-17
421.2000000000003,9.337194580200479e-17
421.3000000000003,9.358488374314822e-17
421.4000000000003,9.379854869064598e-17
421.50000000000034,9.401294394745496e-17
421.60000000000036,9.42280728352516e-17
421.7000000000004,9.44439386945591e-17
421.8000000000004,9.466054488487524e-17
421.90000000000043,9.487789478480165e-17
422.00000000000045,9.509599179217374e-17
422.1000000000005,9.53148393241919e-17
422.2000000000005,9.553444081755367e-17
422.3000000000005,9.575479972858688e-17
422.40000000000055,9.597591953338398e-17
422.50000000000057,9.619780372793729e-17
422.6000000000006,9.642045582827554e-17
422.7000000000006,9.664387937060125e-17
422.80000000000064,9.686807791142939e-17
422.90000000000066,9.70930550277271e-17
423.0000000000007,9.731881431705452e-17
423.1000000000007,9.754535939770666e-17
423.2000000000007,9.777269390885662e-17
423.30000000000075,9.800082151069973e-17
423.4000000000008,9.822974588459908e-17
423.5000000000008,9.845947073323191e-17
423.6000000000008,9.868999978073755e-17
423.70000000000084,9.892133677286626e-17
423.80000000000086,9.915348547712949e-17
423.9000000000009,9.938644968295102e-17
424.0000000000009,9.962023320181988e-17
424.10000000000093,9.985483986744388e-17
424.20000000000095,1.0009027353590488e-16
424.300000000001,1.0032653808581504e-16
424.400000000001,1.0056363741847445e-16
424.500000000001,1.0080157545803003e-16
424.60000000000105,1.0104035615163565e-16
424.70000000000107,1.0127998346961377e-16
424.8000000000011,1.0152046140561816e-16
424.9000000000011,1.0176179397679799e-16
425.00000000000114,1.0200398522396338e-16
425.10000000000116,1.0224703921175235e-16
425.2000000000012,1.0249096002879882e-16
425.3000000000012,1.0273575178790238e-16
425.4000000000012,1.0298141862619922e-16
425.50000000000125,1.0322796470533448e-16
425.6000000000013,1.0347539421163624e-16
425.7000000000013,1.0372371135629055e-16
425.8000000000013,1.039729203755183e-16
425.90000000000134,1.0422302553075333e-16
426.00000000000136,1.0447403110882205e-16
426.1000000000014,1.0472594142212467e-16
426.2000000000014,1.049787608088177e-16
426.30000000000143,1.0523249363299817e-16
426.40000000000146,1.0548714428488934e-16
426.5000000000015,1.0574271718102791e-16
426.6000000000015,1.0599921676445278e-16
426.7000000000015,1.0625664750489549e-16
426.80000000000155,1.0651501389897209e-16
426.90000000000157,1.0677432047037682e-16
427.0000000000016,1.0703457177007717e-16
427.1000000000016,1.072957723765109e-16
427.20000000000164,1.0755792689578425e-16
427.30000000000166,1.0782103996187232e-16
427.4000000000017,1.0808511623682081e-16
427.5000000000017,1.0835016041094955e-16
427.6000000000017,1.0861617720305779e-16
427.70000000000175,1.0888317136063111e-16
427.8000000000018,1.0915114766005031e-16
427.9000000000018,1.0942011090680168e-16
428.0000000000018,1.096900659356895e-16
428.10000000000184,1.0996101761105005e-16
428.20000000000186,1.1023297082696746e-16
428.3000000000019,1.105059305074916e-16
428.4000000000019,1.1077990160685749e-16
428.50000000000193,1.1105488910970692e-16
428.60000000000196,1.1133089803131183e-16
428.700000000002,1.1160793341779936e-16
428.800000000002,1.1188600034637937e-16
428.900000000002,1.121651039255733e-16
429.00000000000205,1.1244524929544547e-16
429.10000000000207,1.1272644162783608e-16
429.2000000000021,1.1300868612659637e-16
429.3000000000021,1.1329198802782565e-16
429.40000000000214,1.135763526001106e-16
429.50000000000216,1.1386178514476637e-16
429.6000000000022,1.1414829099607998e-16
429.7000000000022,1.1443587552155573e-16
429.8000000000022,1.1472454412216265e-16
429.90000000000225,1.1501430223258442e-16
430.0000000000023,1.153051553214709e-16
430.1000000000023,1.1559710889169248e-16
430.2000000000023,1.158901684805961e-16
430.30000000000234,1.16184339660264e-16
430.40000000000236,1.164796280377741e-16
430.5000000000024,1.1677603925546346e-16
430.6000000000024,1.170735789911932e-16
430.70000000000243,1.173722529586164e-16
430.80000000000246,1.17672066907448e-16
430.9000000000025,1.179730266237371e-16
431.0000000000025,1.1827513793014185e-16
431.1000000000025,1.185784066862065e-16
431.20000000000255,1.1888283878864102e-16
431.30000000000257,1.1918844017160333e-16
431.4000000000026,1.1949521680698352e-16
431.5000000000026,1.1980317470469131e-16
431.60000000000264,1.2011231991294547e-16
431.70000000000266,1.20422658518566e-16
431.8000000000027,1.2073419664726892e-16
431.9000000000027,1.2104694046396383e-16
432.00000000000273,1.2136089617305364e-16
432.10000000000275,1.2167607001873755e-16
432.2000000000028,1.2199246828531637e-16
432.3000000000028,1.223100972975006e-16
432.4000000000028,1.226289634207214e-16
432.50000000000284,1.2294907306144426e-16
432.60000000000286,1.2327043266748543e-16
432.7000000000029,1.2359304872833127e-16
432.8000000000029,1.2391692777546043e-16
432.90000000000293,1.24242076382669e-16
433.00000000000296,1.2456850116639836e-16
433.100000000003,1.248962087860664e-16
433.200000000003,1.2522520594440127e-16
433.300000000003,1.2555549938777837e-16
433.40000000000305,1.258870959065605e-16
433.50000000000307,1.2622000233544089e-16
433.6000000000031,1.2655422555378939e-16
433.7000000000031,1.2688977248600188e-16
433.80000000000314,1.2722665010185278e-16
433.90000000000316,1.2756486541685087e-16
434.0000000000032,1.279044254925981e-16
434.1000000000032,1.2824533743715213e-16
434.20000000000323,1.285876084053916e-16
434.30000000000325,1.2893124559938537e-16
434.4000000000033,1.2927625626876455e-16
434.5000000000033,1.2962264771109838e-16
434.6000000000033,1.2997042727227338e-16
434.70000000000334,1.3031960234687605e-16
434.80000000000337,1.306701803785788e-16
434.9000000000034,1.3102216886053005e-16
435.0000000000034,1.3137557533574742e-16
435.10000000000343,1.3173040739751457e-16
435.20000000000346,1.32086672689782e-16
435.3000000000035,1.3244437890757155e-16
435.4000000000035,1.3280353379738413e-16
435.5000000000035,1.3316414515761196e-16
435.60000000000355,1.3352622083895425e-16
435.70000000000357,1.3388976874483672e-16
435.8000000000036,1.342547968318351e-16
435.9000000000036,1.346213131101028e-16
436.00000000000364,1.3498932564380225e-16
436.10000000000366,1.353588425515403e-16
436.2000000000037,1.3572987200680822e-16
436.3000000000037,1.361024222384249e-16
436.40000000000373,1.3647650153098512e-16
436.50000000000375,1.3685211822531163e-16
436.6000000000038,1.3722928071891137e-16
436.7000000000038,1.3760799746643618e-16
436.8000000000038,1.37988276980148e-16
436.90000000000384,1.383701278303881e-16
437.00000000000387,1.3875355864605102e-16
437.1000000000039,1.39138578115063e-16
437.2000000000039,1.395251949848648e-16
437.30000000000393,1.3991341806289933e-16
437.40000000000396,1.403032562171036e-16
437.500000000004,1.406947183764058e-16
437.600000000004,1.4108781353122667e-16
437.700000000004,1.41482550733986e-16
437.80000000000405,1.4187893909961385e-16
437.90000000000407,1.4227698780606663e-16
438.0000000000041,1.4267670609484808e-16
438.1000000000041,1.4307810327153557e-16
438.20000000000414,1.4348118870631116e-16
438.30000000000416,1.438859718344977e-16
438.4000000000042,1.4429246215710053e-16
438.5000000000042,1.447006692413539e-16
438.60000000000423,1.451106027212731e-16
438.70000000000425,1.4552227229821163e-16
438.8000000000043,1.4593568774142405e-16
438.9000000000043,1.46350858888634e-16
439.0000000000043,1.4676779564660795e-16
439.10000000000434,1.471865079917345e-16
439.20000000000437,1.476070059706092e-16
439.3000000000044,1.4802929970062535e-16
439.4000000000044,1.4845339937057035e-16
439.50000000000443,1.4887931524122781e-16
439.60000000000446,1.4930705764598595e-16
439.7000000000045,1.4973663699145148e-16
439.8000000000045,1.5016806375806984e-16
439.9000000000045,1.506013485007516e-16
440.00000000000455,1.5103650184950466e-16
440.10000000000457,1.5147353451007303e-16
440.2000000000046,1.5191245726458193e-16
440.3000000000046,1.5235328097218885e-16
440.40000000000464,1.5279601656974168e-16
440.50000000000466,1.532406750724429e-16
440.6000000000047,1.5368726757452047e-16
440.7000000000047,1.5413580524990565e-16
440.80000000000473,1.5458629935291713e-16
440.90000000000475,1.550387612189524e-16
441.0000000000048,1.554932022651858e-16
441.1000000000048,1.5594963399127352e-16
441.2000000000048,1.5640806798006585e-16
441.30000000000484,1.5686851589832647e-16
441.40000000000487,1.5733098949745883e-16
441.5000000000049,1.5779550061424008e-16
441.6000000000049,1.5826206117156233e-16
441.70000000000493,1.5873068317918118e-16
441.80000000000496,1.5920137873447206e-16
441.900000000005,1.5967416002319414e-16
442.000000000005,1.6014903932026178e-16
442.100000000005,1.606260289905243e-16
442.20000000000505,1.6110514148955298e-16
442.30000000000507,1.6158638936443677e-16
442.4000000000051,1.6206978525458546e-16
442.5000000000051,1.625553418925416e-16
442.60000000000514,1.6304307210480026e-16
442.70000000000516,1.6353298881263747e-16
442.8000000000052,1.6402510503294697e-16
442.9000000000052,1.6451943387908569e-16
443.00000000000523,1.6501598856172765e-16
443.10000000000525,1.6551478238972716e-16
443.2000000000053,1.6601582877099018e-16
443.3000000000053,1.6651914121335522e-16
443.4000000000053,1.6702473332548314e-16
443.50000000000534,1.675326188177563e-16
443.60000000000537,1.6804281150318668e-16
443.7000000000054,1.685553252983338e-16
443.8000000000054,1.6907017422423182e-16
443.90000000000543,1.695873724073267e-16
444.00000000000546,1.701069340804227e-16
444.1000000000055,1.706288735836389e-16
444.2000000000055,1.711532053653759e-16
444.3000000000055,1.716799439832924e-16
444.40000000000555,1.7220910410529196e-16
444.50000000000557,1.727407005105203e-16
444.6000000000056,1.7327474809037316e-16
444.7000000000056,1.738112618495142e-16
444.80000000000564,1.7435025690690436e-16
444.90000000000566,1.7489174849684154e-16
445.0000000000057,1.7543575197001156e-16
445.1000000000057,1.759822827945501e-16
445.20000000000573,1.7653135655711569e-16
445.30000000000575,1.7708298896397471e-16
445.4000000000058,1.7763719584209706e-16
445.5000000000058,1.781939931402644e-16
445.6000000000058,1.7875339693018918e-16
445.70000000000584,1.7931542340764665e-16
445.80000000000587,1.7988008889361818e-16
445.9000000000059,1.8044740983544717e-16
446.0000000000059,1.8101740280800727e-16
446.10000000000593,1.8159008451488318e-16
446.20000000000596,1.82165471789564e-16
446.300000000006,1.827435815966496e-16
446.400000000006,1.8332443103306986e-16
446.500000000006,1.8390803732931717e-16
446.60000000000605,1.8449441785069202e-16
446.70000000000607,1.8508359009856254e-16
446.8000000000061,1.8567557171163716e-16
446.9000000000061,1.8627038046725133e-16
447.00000000000614,1.868680342826684e-16
447.10000000000616,1.874685512163943e-16
447.2000000000062,1.8807194946950678e-16
447.3000000000062,1.8867824738699926e-16
447.40000000000623,1.8928746345913888e-16
447.50000000000625,1.8989961632284032e-16
447.6000000000063,1.9051472476305357e-16
447.7000000000063,1.9113280771416794e-16
447.8000000000063,1.9175388426143088e-16
447.90000000000634,1.923779736423827e-16
448.00000000000637,1.9300509524830704e-16
448.1000000000064,1.9363526862569735e-16
448.2000000000064,1.9426851347773974e-16
448.30000000000643,1.9490484966581203e-16
448.40000000000646,1.9554429721099953e-16
448.5000000000065,1.9618687629562797e-16
448.6000000000065,1.968326072648128e-16
448.7000000000065,1.9748151062802647e-16
448.80000000000655,1.9813360706068286e-16
448.90000000000657,1.9878891740573937e-16
449.0000000000066,1.9944746267531724e-16
449.1000000000066,2.0010926405233964e-16
449.20000000000664,2.0077434289218865e-16
449.30000000000666,2.0144272072438023e-16
449.4000000000067,2.0211441925425889e-16
449.5000000000067,2.0278946036471062e-16
449.60000000000673,2.0346786611789592e-16
449.70000000000675,2.041496587570017e-16
449.8000000000068,2.0483486070801388e-16
449.9000000000068,2.0552349458150934e-16
450.0000000000068,2.0621558317446874e-16
450.10000000000684,2.0691114947210962e-16
450.20000000000687,2.076102166497409e-16
450.3000000000069,2.083128080746379e-16
450.4000000000069,2.0901894730793932e-16
450.50000000000693,2.0972865810656588e-16
450.60000000000696,2.1044196442516065e-16
450.700000000007,2.1115889041805202e-16
450.800000000007,2.1187946044123907e-16
450.900000000007,2.1260369905440004e-16
451.00000000000705,2.1333163102292364e-16
451.10000000000707,2.1406328131996412e-16
451.2000000000071,2.1479867512851996e-16
451.3000000000071,2.1553783784353694e-16
451.40000000000714,2.162807950740352e-16
451.50000000000716,2.170275726452615e-16
451.6000000000072,2.1777819660086624e-16
451.7000000000072,2.1853269320510595e-16
451.80000000000723,2.1929108894507163e-16
451.90000000000725,2.20053410532943e-16
452.0000000000073,2.208196849082694e-16
452.1000000000073,2.215899392402772e-16
452.2000000000073,2.223642009302046e-16
452.30000000000734,2.2314249761366367e-16
452.40000000000737,2.239248571630305e-16
452.5000000000074,2.2471130768986336e-16
452.6000000000074,2.2550187754734997e-16
452.70000000000744,2.262965953327828e-16
452.80000000000746,2.270954898900648e-16
452.9000000000075,2.2789859031224414e-16
453.0000000000075,2.287059259440799e-16
453.1000000000075,2.295175263846376e-16
453.20000000000755,2.3033342148991584e-16
453.30000000000757,2.3115364137550526e-16
453.4000000000076,2.3197821641927787e-16
453.5000000000076,2.328071772641102e-16
453.60000000000764,2.3364055482063796e-16
453.70000000000766,2.344783802700444e-16
453.8000000000077,2.353206850668826e-16
453.9000000000077,2.361675009419311e-16
454.00000000000773,2.3701885990508466e-16
454.10000000000775,2.378747942482798e-16
454.2000000000078,2.3873533654845607e-16
454.3000000000078,2.3960051967055294e-16
454.4000000000078,2.404703767705435e-16
454.50000000000784,2.41344941298505e-16
454.60000000000787,2.42224247001727e-16
454.7000000000079,2.431083279278574e-16
454.8000000000079,2.439972184280873e-16
454.90000000000794,2.4489095316037444e-16
455.00000000000796,2.4578956709270675e-16
455.100000000008,2.466930955064061e-16
455.200000000008,2.4760157399947217e-16
455.300000000008,2.485150384899684e-16
455.40000000000805,2.494335252194496e-16
455.5000000000081,2.5035707075643135e-16
455.6000000000081,2.512857119999038e-16
455.7000000000081,2.5221948618288783e-16
455.80000000000814,2.531584308760365e-16
455.90000000000816,2.5410258399128046e-16
456.0000000000082,2.550519837855201e-16
456.1000000000082,2.5600666886436274e-16
456.20000000000823,2.5696667818590753e-16
456.30000000000825,2.5793205106457717e-16
456.4000000000083,2.5890282717499844e-16
456.5000000000083,2.5987904655593127e-16
456.6000000000083,2.608607496142474e-16
456.70000000000834,2.618479771289593e-16
456.80000000000837,2.628407702553005e-16
456.9000000000084,2.6383917052885685e-16
457.0000000000084,2.648432198697513e-16
457.10000000000844,2.6585296058688074e-16
457.20000000000846,2.668684353822079e-16
457.3000000000085,2.678896873551073e-16
457.4000000000085,2.6891676000676727e-16
457.5000000000085,2.6994969724464783e-16
457.60000000000855,2.709885433869963e-16
457.7000000000086,2.720333431674206e-16
457.8000000000086,2.730841417395213e-16
457.9000000000086,2.7414098468158376e-16
458.00000000000864,2.752039180013306e-16
458.10000000000866,2.762729881407358e-16
458.2000000000087,2.7734824198090096e-16
458.3000000000087,2.784297268469951e-16
458.40000000000873,2.795174905132584e-16
458.50000000000875,2.806115812080715e-16
458.6000000000088,2.8171204761909026e-16
458.7000000000088,2.828189388984488e-16
458.8000000000088,2.8393230466802893e-16
458.90000000000884,2.850521950248003e-16
459.00000000000887,2.861786605462298e-16
459.1000000000089,2.873117522957623e-16
459.2000000000089,2.884515218283733e-16
459.30000000000894,2.895980211961959e-16
459.40000000000896,2.907513029542208e-16
459.500000000009,2.9191142016607276e-16
459.600000000009,2.930784264098634e-16
459.700000000009,2.942523757841216e-16
459.80000000000905,2.954333229138031e-16
459.9000000000091,2.9662132295638033e-16
460.0000000000091,2.978164316080131e-16
460.1000000000091,2.9901870510980235e-16
460.20000000000914,3.0022820025412743e-16
460.30000000000916,3.0144497439106867e-16
460.4000000000092,3.0266908543491634e-16
460.5000000000092,3.039005918707668e-16
460.60000000000923,3.0513955276120846e-16
460.70000000000925,3.0638602775309745e-16
460.8000000000093,3.076400770844256e-16
460.9000000000093,3.0890176159128117e-16
461.0000000000093,3.1017114271490406e-16
461.10000000000935,3.114482825088379e-16
461.20000000000937,3.1273324364617847e-16
461.3000000000094,3.140260894269222e-16
461.4000000000094,3.153268837854144e-16
461.50000000000944,3.166356912979003e-16
461.60000000000946,3.1795257719017907e-16
461.7000000000095,3.1927760734536376e-16
461.8000000000095,3.2061084831174763e-16
461.9000000000095,3.219523673107796e-16
462.00000000000955,3.233022322451492e-16
462.1000000000096,3.246605117069845e-16
462.2000000000096,3.26027274986163e-16
462.3000000000096,3.2740259207873815e-16
462.40000000000964,3.287865336954838e-16
462.50000000000966,3.3017917127055705e-16
462.6000000000097,3.315805769702823e-16
462.7000000000097,3.3299082370205896e-16
462.80000000000973,3.344099851233932e-16
462.90000000000975,3.358381356510568e-16
463.0000000000098,3.3727535047037535e-16
463.1000000000098,3.3872170554464653e-16
463.2000000000098,3.401772776246923e-16
463.30000000000985,3.416421442585454e-16
463.40000000000987,3.43116383801274e-16
463.5000000000099,3.4460007542494434e-16
463.6000000000099,3.460932991287274e-16
463.70000000000994,3.475961357491468e-16
463.80000000000996,3.491086669704755e-16
463.90000000001,3.506309753352789e-16
464.00000000001,3.521631442551109e-16
464.10000000001,3.5370525802136207e-16
464.20000000001005,3.552574018162642e-16
464.3000000000101,3.5681966172405355e-16
464.4000000000101,3.5839212474229487e-16
464.5000000000101,3.599748787933687e-16
464.60000000001014,3.615680127361259e-16
464.70000000001016,3.6317161637771007e-16
464.8000000000102,3.6478578048555284e-16
464.9000000000102,3.664105967995428e-16
465.00000000001023,3.6804615804437244e-16
465.10000000001025,3.696925579420651e-16
465.2000000000103,3.713498912246855e-16
465.3000000000103,3.7301825364723634e-16
465.4000000000103,3.746977420007444e-16
465.50000000001035,3.763884541255392e-16
465.60000000001037,3.7809048892472737e-16
465.7000000000104,3.7980394637786583e-16
465.8000000000104,3.815289275548371e-16
465.90000000001044,3.832655346299308e-16
466.00000000001046,3.8501387089613313e-16
466.1000000000105,3.8677404077963053e-16
466.2000000000105,3.8854614985452707e-16
466.3000000000105,3.90330304857784e-16
466.40000000001055,3.921266137043805e-16
466.5000000000106,3.939351855027035e-16
466.6000000000106,3.957561305701665e-16
466.7000000000106,3.9758956044906464e-16
466.80000000001064,3.994355879226679e-16
466.90000000001066,4.012943270315576e-16
467.0000000000107,4.0316589309020887e-16
467.1000000000107,4.050504027038253e-16
467.20000000001073,4.069479737854286e-16
467.30000000001075,4.0885872557320737e-16
467.4000000000108,4.10782778648131e-16
467.5000000000108,4.127202549518321e-16
467.6000000000108,4.1467127780476054e-16
467.70000000001085,4.166359719246185e-16
467.80000000001087,4.186144634450749e-16
467.9000000000109,4.2060687993476994e-16
468.0000000000109,4.2261335041661067e-16
468.10000000001094,4.24634005387365e-16
468.20000000001096,4.2666897683755733e-16
468.300000000011,4.2871839827167353e-16
468.400000000011,4.307824047286778e-16
468.500000000011,4.3286113280284926e-16
468.60000000001105,4.349547206649422e-16
468.7000000000111,4.370633080836762e-16
468.8000000000111,4.3918703644756265e-16
468.9000000000111,4.413260487870714e-16
469.00000000001114,4.434804897971466e-16
469.10000000001116,4.456505058600741e-16
469.2000000000112,4.4783624506871095e-16
469.3000000000112,4.500378572500787e-16
469.40000000001123,4.522554939893312e-16
469.50000000001125,4.544893086540999e-16
469.6000000000113,4.567394564192267e-16
469.7000000000113,4.590060942918874e-16
469.8000000000113,4.612893811371169e-16
469.90000000001135,4.635894777037393e-16
470.00000000001137,4.659065466507134e-16
470.1000000000114,4.682407525738985e-16
470.2000000000114,4.705922620332494e-16
470.30000000001144,4.729612435804482e-16
470.40000000001146,4.753478677869805e-16
470.5000000000115,4.777523072726623e-16
470.6000000000115,4.801747367346302e-16
470.7000000000115,4.826153329767976e-16
470.80000000001155,4.850742749397894e-16
470.9000000000116,4.875517437313626e-16
471.0000000000116,4.900479226573207e-16
471.1000000000116,4.925629972529315e-16
471.20000000001164,4.950971553148594e-16
471.30000000001166,4.976505869336161e-16
471.4000000000117,5.002234845265471e-16
471.5000000000117,5.028160428713551e-16
471.60000000001173,5.054284591401773e-16
471.70000000001176,5.080609329342227e-16
471.8000000000118,5.107136663189807e-16
471.9000000000118,5.133868638600112e-16
472.0000000000118,5.16080732659328e-16
472.10000000001185,5.187954823923852e-16
472.20000000001187,5.215313253456774e-16
472.3000000000119,5.24288476454967e-16
472.4000000000119,5.270671533441478e-16
472.50000000001194,5.298675763647577e-16
472.60000000001196,5.326899686361543e-16
472.700000000012,5.355345560863616e-16
472.800000000012,5.384015674936039e-16
472.900000000012,5.412912345285387e-16
473.00000000001205,5.442037917972008e-16
473.1000000000121,5.471394768846718e-16
473.2000000000121,5.500985303994873e-16
473.3000000000121,5.530811960187988e-16
473.40000000001214,5.560877205342985e-16
473.50000000001216,5.59118353898929e-16
473.6000000000122,5.621733492743855e-16
473.7000000000122,5.652529630794308e-16
473.80000000001223,5.683574550390343e-16
473.90000000001226,5.714870882343538e-16
474.0000000000123,5.746421291535742e-16
474.1000000000123,5.778228477436194e-16
474.2000000000123,5.810295174627556e-16
474.30000000001235,5.842624153341001e-16
474.40000000001237,5.875218220000552e-16
474.5000000000124,5.908080217776843e-16
474.6000000000124,5.941213027150478e-16
474.70000000001244,5.974619566485153e-16
474.80000000001246,6.008302792610778e-16
474.9000000000125,6.042265701416743e-16
475.0000000000125,6.076511328455524e-16
475.1000000000125,6.111042749556864e-16
475.20000000001255,6.145863081452702e-16
475.3000000000126,6.18097548241306e-16
475.4000000000126,6.216383152893101e-16
475.5000000000126,6.252089336191591e-16
475.60000000001264,6.28809731912095e-16
475.70000000001266,6.324410432689146e-16
475.8000000000127,6.361032052793652e-16
475.9000000000127,6.397965600927693e-16
476.00000000001273,6.43521454489903e-16
476.10000000001276,6.472782399561519e-16
476.2000000000128,6.510672727559695e-16
476.3000000000128,6.548889140086638e-16
476.4000000000128,6.587435297655376e-16
476.50000000001285,6.626314910884079e-16
476.60000000001287,6.665531741295337e-16
476.7000000000129,6.705089602129777e-16
476.8000000000129,6.744992359174305e-16
476.90000000001294,6.785243931605261e-16
477.00000000001296,6.82584829284678e-16
477.100000000013,6.866809471444651e-16
477.200000000013,6.90813155195598e-16
477.30000000001303,6.949818675854985e-16
477.40000000001305,6.991875042455212e-16
477.5000000000131,7.034304909848491e-16
477.6000000000131,7.077112595861032e-16
477.7000000000131,7.120302479026876e-16
477.80000000001314,7.163878999579168e-16
477.90000000001316,7.2078466604595225e-16
478.0000000000132,7.252210028345864e-16
478.1000000000132,7.296973734699116e-16
478.20000000001323,7.342142476829101e-16
478.30000000001326,7.38772101898003e-16
478.4000000000133,7.433714193435973e-16
478.5000000000133,7.480126901646712e-16
478.6000000000133,7.526964115374364e-16
478.70000000001335,7.574230877861201e-16
478.80000000001337,7.621932305019093e-16
478.9000000000134,7.670073586640963e-16
479.0000000000134,7.718659987634754e-16
479.10000000001344,7.767696849280296e-16
479.20000000001346,7.817189590509557e-16
479.3000000000135,7.867143709210749e-16
479.4000000000135,7.917564783556735e-16
479.50000000001353,7.968458473358244e-16
479.60000000001355,8.019830521442379e-16
479.7000000000136,8.071686755056915e-16
479.8000000000136,8.124033087300904e-16
479.9000000000136,8.176875518582113e-16
480.00000000001364,8.230220138101823e-16
480.10000000001367,8.284073125367526e-16
480.2000000000137,8.338440751734092e-16
480.3000000000137,8.393329381973941e-16
480.40000000001373,8.448745475876837e-16
480.50000000001376,8.504695589879847e-16
480.6000000000138,8.561186378728092e-16
480.7000000000138,8.618224597166885e-16
480.8000000000138,8.675817101665891e-16
480.90000000001385,8.73397085217592e-16
481.00000000001387,8.792692913919021e-16
481.1000000000139,8.851990459212519e-16
481.2000000000139,8.91187076932767e-16
481.30000000001394,8.972341236383608e-16
481.40000000001396,9.033409365277292e-16
481.500000000014,9.09508277565015e-16
481.600000000014,9.157369203892136e-16
481.70000000001403,9.220276505183946e-16
481.80000000001405,9.28381265557813e-16
481.9000000000141,9.347985754119852e-16
482.0000000000141,9.412804025008083e-16
482.1000000000141,9.47827581979803e-16
482.20000000001414,9.544409619645536e-16
482.30000000001417,9.611214037594345e-16
482.4000000000142,9.67869782090702e-16
482.5000000000142,9.746869853440333e-16
482.60000000001423,9.81573915806603e-16
482.70000000001426,9.8853148991378e-16
482.8000000000143,9.955606385005366e-16
482.9000000000143,1.0026623070576563e-15
483.0000000000143,1.0098374559928326e-15
483.10000000001435,1.0170870608967529e-15
483.20000000001437,1.024412112814258e-15
483.3000000000144,1.0318136185206758e-15
483.4000000000144,1.0392926008034253e-15
483.50000000001444,1.0468500987489867e-15
483.60000000001446,1.0544871680353394e-15
483.7000000000145,1.0622048812299674e-15
483.8000000000145,1.0700043280935358e-15
483.90000000001453,1.077886615889341e-15
484.00000000001455,1.0858528696986356e-15
484.1000000000146,1.0939042327419438e-15
484.2000000000146,1.102041866706462e-15
484.3000000000146,1.1102669520796625e-15
484.40000000001464,1.1185806884892067e-15
484.50000000001467,1.126984295049277e-15
484.6000000000147,1.1354790107134407e-15
484.7000000000147,1.14406609463416e-15
484.80000000001473,1.152746826529057e-15
484.90000000001476,1.1615225070540541e-15
485.0000000000148,1.1703944581835019e-15
485.1000000000148,1.1793640235974094e-15
485.2000000000148,1.188432569075896e-15
485.30000000001485,1.1976014829009818e-15
485.40000000001487,1.2068721762658319e-15
485.5000000000149,1.216246083691575e-15
485.6000000000149,1.2257246634518134e-15
485.70000000001494,1.2353093980049405e-15
485.80000000001496,1.2450017944343899e-15
485.900000000015,1.2548033848969243e-15
486.000000000015,1.264715727079093e-15
486.10000000001503,1.2747404046619632e-15
486.20000000001505,1.2848790277942517e-15
486.3000000000151,1.2951332335739631e-15
486.4000000000151,1.3055046865386548e-15
486.5000000000151,1.3159950791644367e-15
486.60000000001514,1.3266061323738185e-15
486.70000000001517,1.3373395960525124e-15
486.8000000000152,1.3481972495752978e-15
486.9000000000152,1.3591809023410508e-15
487.00000000001523,1.3702923943170385e-15
487.10000000001526,1.38153359659258e-15
487.2000000000153,1.3929064119421596e-15
487.3000000000153,1.40441277539809e-15
487.4000000000153,1.416054654832804e-15
487.50000000001535,1.4278340515508605e-15
487.60000000001537,1.4397530008907303e-15
487.7000000000154,1.4518135728364415e-15
487.8000000000154,1.4640178726391374e-15
487.90000000001544,1.4763680414486022e-15
488.00000000001546,1.4888662569548042e-15
488.1000000000155,1.5015147340394955e-15
488.2000000000155,1.5143157254378873e-15
488.30000000001553,1.5272715224104337e-15
488.40000000001555,1.5403844554247162e-15
488.5000000000156,1.5536568948474393e-15
488.6000000000156,1.5670912516465073e-15
488.7000000000156,1.5806899781031621e-15
488.80000000001564,1.5944555685341273e-15
488.90000000001567,1.6083905600237074e-15
489.0000000000157,1.622497533165752e-15
489.1000000000157,1.6367791128154019e-15
489.20000000001573,1.6512379688504858e-15
489.30000000001576,1.6658768169424455e-15
489.4000000000158,1.6806984193366174e-15
489.5000000000158,1.6957055856416958e-15
489.6000000000158,1.7109011736281587e-15
489.70000000001585,1.7262880900354315e-15
489.80000000001587,1.74186929138751e-15
489.9000000000159,1.7576477848167542e-15
490.0000000000159,1.7736266288955135e-15
490.10000000001594,1.789808934475224e-15
490.20000000001596,1.80619786553257e-15
490.300000000016,1.822796640022261e-15
490.400000000016,1.8396085307359443e-15
490.50000000001603,1.856636866166708e-15
490.60000000001605,1.873885031378602e-15
490.7000000000161,1.8913564688805392e-15
490.8000000000161,1.9090546795038784e-15
490.9000000000161,1.9269832232829585e-15
491.00000000001614,1.9451457203377587e-15
491.10000000001617,1.9635458517578137e-15
491.2000000000162,1.98218736048644e-15
491.3000000000162,2.001074052204257e-15
491.40000000001623,2.0202097962108902e-15
491.50000000001626,2.0395985263036937e-15
491.6000000000163,2.059244241652208e-15
491.7000000000163,2.0791510076670008e-15
491.8000000000163,2.0993229568614177e-15
491.90000000001635,2.1197642897046915e-15
492.00000000001637,2.140479275464714e-15
492.1000000000164,2.1614722530387017e-15
492.2000000000164,2.1827476317698093e-15
492.30000000001644,2.2043098922476715e-15
492.40000000001646,2.2261635870906656e-15
492.5000000000165,2.2483133417075756e-15
492.6000000000165,2.2707638550361696e-15
492.70000000001653,2.293519900256044e-15
492.80000000001655,2.316586325472917e-15
492.9000000000166,2.3399680543713654e-15
493.0000000000166,2.363670086832833e-15
493.1000000000166,2.3876974995155055e-15
493.20000000001664,2.412055446392457e-15
493.30000000001667,2.4367491592442564e-15
493.4000000000167,2.4617839481019597e-15
493.5000000000167,2.48716520163621e-15
493.60000000001673,2.512898387487867e-15
493.70000000001676,2.5389890525353473e-15
493.8000000000168,2.5654428230935567e-15
493.9000000000168,2.592265405039e-15
494.0000000000168,2.619462583855344e-15
494.10000000001685,2.6470402245933695e-15
494.20000000001687,2.675004271738915e-15
494.3000000000169,2.7033607489820484e-15
494.4000000000169,2.7321157588803246e-15
494.50000000001694,2.761275482408585e-15
494.60000000001696,2.7908461783873548e-15
494.700000000017,2.820834182781451e-15
494.800000000017,2.851245907859962e-15
494.90000000001703,2.8820878412082914e-15
495.00000000001705,2.913366544582475e-15
495.1000000000171,2.945088652595447e-15
495.2000000000171,2.977260871224424e-15
495.3000000000171,3.0098899761279986e-15
495.40000000001714,3.04298281076098e-15
495.50000000001717,3.076546284274405e-15
495.6000000000172,3.1105873691875226e-15
495.7000000000172,3.145113098817941e-15
495.80000000001723,3.1801305644554215e-15
495.90000000001726,3.215646912264149e-15
496.0000000000173,3.2516693398975975e-15
496.1000000000173,3.2882050928093655e-15
496.2000000000173,3.3252614602426304e-15
496.30000000001735,3.3628457708800846e-15
496.40000000001737,3.4009653881354355e-15
496.5000000000174,3.439627705066759e-15
496.6000000000174,3.4788401388911427e-15
496.70000000001744,3.518610125079268e-15
496.80000000001746,3.558945111007682e-15
496.9000000000175,3.599852549145695e-15
497.0000000000175,3.641339889752935e-15
497.10000000001753,3.683414573062777e-15
497.20000000001755,3.72608402092591e-15
497.3000000000176,3.7693556278875395e-15
497.4000000000176,3.813236751670777e-15
497.5000000000176,3.857734703037974e-15
497.60000000001764,3.902856735000925e-15
497.70000000001767,3.948610031350022e-15
497.8000000000177,3.995001694471754e-15
497.9000000000177,4.042038732423123e-15
498.00000000001774,4.089728045230951e-15
498.10000000001776,4.138076410383369e-15
498.2000000000178,4.18709046748027e-15
498.3000000000178,4.236776702009015e-15
498.4000000000178,4.287141428211316e-15
498.50000000001785,4.338190771006926e-15
498.60000000001787,4.389930646939669e-15
498.7000000000179,4.4423667441112545e-15
498.8000000000179,4.495504501068545e-15
498.90000000001794,4.549349084610207e-15
499.00000000001796,4.6039053664792195e-15
499.100000000018,4.6591778989084284e-15
499.200000000018,4.715170888987293e-15
499.30000000001803,4.77188817181923e-15
499.40000000001805,4.8293331824404376e-15
499.5000000000181,4.887508926472945e-15
499.6000000000181,4.946417949486789e-15
499.7000000000181,5.006062305048775e-15
499.80000000001814,5.066443521438243e-15
499.90000000001817,5.127562567013633e-15
500.0000000000182,5.1894198142175145e-15
500.1000000000182,5.252015002212124e-15
500.20000000001824,5.31534719814234e-15
500.30000000001826,5.379414757028512e-15
500.4000000000183,5.444215280297685e-15
500.5000000000183,5.50974557296846e-15
500.6000000000183,5.576001599512156e-15
500.70000000001835,5.64297843842112e-15
500.8000000000184,5.7106702355238834e-15
500.9000000000184,5.779070156096508e-15
501.0000000000184,5.848170335829998e-15
501.10000000001844,5.917961830724875e-15
501.20000000001846,5.988434565996241e-15
501.3000000000185,6.059577284085617e-15
501.4000000000185,6.1313774918897355e-15
501.50000000001853,6.2038214073312524e-15
501.60000000001855,6.2768939054119576e-15
501.7000000000186,6.350578463905535e-15
501.8000000000186,6.424857108864244e-15
501.9000000000186,6.499710360131971e-15
502.00000000001864,6.57511717707491e-15
502.10000000001867,6.651054904760672e-15
502.2000000000187,6.727499220836615e-15
502.3000000000187,6.804424083378784e-15
502.40000000001874,6.881801680003783e-15
502.50000000001876,6.959602378556985e-15
502.6000000000188,7.037794679711733e-15
502.7000000000188,7.116345171835241e-15
502.8000000000188,7.195218488497679e-15
502.90000000001885,7.274377269021107e-15
503.0000000000189,7.353782122484346e-15
503.1000000000189,7.433391595618157e-15
503.2000000000189,7.513162145042053e-15
503.30000000001894,7.593048114309267e-15
503.40000000001896,7.673001716239599e-15
503.500000000019,7.752973021030615e-15
503.600000000019,7.832909950645611e-15
503.70000000001903,7.912758279981621e-15
503.80000000001905,7.992461645321867e-15
503.9000000000191,8.071961560574334e-15
504.0000000000191,8.151197441790933e-15
504.1000000000191,8.230106640449792e-15
504.20000000001914,8.308624485966049e-15
504.30000000001917,8.386684337873892e-15
504.4000000000192,8.46421764809404e-15
504.5000000000192,8.541154033666216e-15
504.60000000001924,8.617421360285124e-15
504.70000000001926,8.692945836930788e-15
504.8000000000193,8.76765212182986e-15
504.9000000000193,8.841463439923485e-15
505.0000000000193,8.91430171194969e-15
505.10000000001935,8.986087695174078e-15
505.2000000000194,9.056741135722292e-15
505.3000000000194,9.12618093238145e-15
505.4000000000194,9.194325311646172e-15
505.50000000001944,9.261092013688449e-15
505.60000000001946,9.326398488830364e-15
505.7000000000195,9.390162103995035e-15
505.8000000000195,9.452300358505671e-15
505.90000000001953,9.512731108495883e-15
506.00000000001955,9.571372799087865e-15
506.1000000000196,9.62814470339009e-15
506.2000000000196,9.68296716726389e-15
506.3000000000196,9.735761858710442e-15
506.40000000001965,9.786452020637572e-15
506.50000000001967,9.834962725680905e-15
506.6000000000197,9.881221131677876e-15
506.7000000000197,9.925156736327259e-15
506.80000000001974,9.966701629512585e-15
506.90000000001976,1.0005790741726553e-14
507.0000000000198,1.0042362087006167e-14
507.1000000000198,1.0076356998776105e-14
507.2000000000198,1.0107720357001458e-14
507.30000000001985,1.0136400805071002e-14
507.4000000000199,1.016235095486919e-14
507.5000000000199,1.0185527578548834e-14
507.6000000000199,1.0205891785587323e-14
507.70000000001994,1.0223409183796276e-14
507.80000000001996,1.0238050023057546e-14
507.90000000002,1.0249789320676171e-14
508.00000000002,1.0258606967372245e-14
508.10000000002003,1.0264487813077171e-14
508.20000000002005,1.0267421731853767e-14
508.3000000000201,1.0267403665422296e-14
508.4000000000201,1.0264433644943803e-14
508.5000000000201,1.0258516790885846e-14
508.60000000002015,1.0249663290971684e-14
508.70000000002017,1.0237888356389974e-14
508.8000000000202,1.0223212156615768e-14
508.9000000000202,1.0205659733362671e-14
509.00000000002024,1.0185260894348728e-14
509.10000000002026,1.0162050087712312e-14
509.2000000000203,1.0136066258057807e-14
509.3000000000203,1.0107352685241936e-14
509.4000000000203,1.0075956807129252e-14
509.50000000002035,1.0041930027647967e-14
509.6000000000204,1.0005327511564332e-14
509.7000000000204,9.966207967464268e-15
509.8000000000204,9.924633420484691e-15
509.90000000002044,9.880668976373686e-15
510.00000000002046,9.834382578478509e-15
510.1000000000205,9.7858447592639e-15
510.2000000000205,9.735128387950708e-15
510.30000000002053,9.682308415837289e-15
510.40000000002055,9.627461620824753e-15
510.5000000000206,9.570666352612608e-15
510.6000000000206,9.512002279965488e-15
510.7000000000206,9.45155014137538e-15
510.80000000002065,9.389391500358885e-15
510.90000000002067,9.325608506536833e-15
511.0000000000207,9.260283663545637e-15
511.1000000000207,9.193499604727472e-15
511.20000000002074,9.12533887744137e-15
511.30000000002076,9.055883736730792e-15
511.4000000000208,8.985215948976473e-15
511.5000000000208,8.913416606057884e-15
511.6000000000208,8.84056595044306e-15
511.70000000002085,8.766743211526357e-15
511.8000000000209,8.692026453437326e-15
511.9000000000209,8.616492434452445e-15
512.0000000000209,8.540216478055215e-15
512.1000000000209,8.4632723556099e-15
512.200000000021,8.385732180540062e-15
512.300000000021,8.307666313835527e-15
512.400000000021,8.229143280650468e-15
512.500000000021,8.150229697701136e-15
512.600000000021,8.070990211124146e-15
512.7000000000211,7.991487444415365e-15
512.8000000000211,7.91178195603476e-15
512.9000000000211,7.831932206234206e-15
513.0000000000211,7.751994532642577e-15
513.1000000000212,7.672023134125481e-15
513.2000000000212,7.592070062424959e-15
513.3000000000212,7.512185221077528e-15
513.4000000000212,7.432416371106021e-15
513.5000000000213,7.352809142982127e-15
513.6000000000213,7.273407054361175e-15
513.7000000000213,7.194251533098894e-15
513.8000000000213,7.115381945070499e-15
513.9000000000214,7.036835626325824e-15
514.0000000000214,6.95864791912933e-15
514.1000000000214,6.88085221145084e-15
514.2000000000214,6.803479979491157e-15
514.3000000000214,6.72656083284613e-15
514.4000000000215,6.650122561932951e-15
514.5000000000215,6.574191187323204e-15
514.6000000000215,6.4987910106483126e-15
514.7000000000215,6.423944666764186e-15
514.8000000000216,6.349673176883045e-15
514.9000000000216,6.275996002401285e-15
515.0000000000216,6.202931099172805e-15
515.1000000000216,6.13049497199727e-15
515.2000000000216,6.058702729112281e-15
515.3000000000217,5.9875681364972224e-15
515.4000000000217,5.917103671814632e-15
515.5000000000217,5.847320577832256e-15
515.6000000000217,5.778228915185391e-15
515.7000000000218,5.7098376143547624e-15
515.8000000000218,5.642154526749902e-15
515.9000000000218,5.575186474801924e-15
516.0000000000218,5.50893930098252e-15
516.1000000000219,5.4434179156782184e-15
516.2000000000219,5.378626343860178e-15
516.3000000000219,5.314567770500282e-15
516.4000000000219,5.251244584693932e-15
516.5000000000219,5.188658422458842e-15
516.600000000022,5.12681020818724e-15
516.700000000022,5.065700194736294e-15
516.800000000022,5.005328002148356e-15
516.900000000022,4.9456926549986325e-15
517.000000000022,4.886792618373438e-15
517.1000000000221,4.828625832487034e-15
517.2000000000221,4.7711897459494534e-15
517.3000000000221,4.7144813477015344e-15
517.4000000000221,4.658497197636811e-15
517.5000000000222,4.603233455932816e-15
517.6000000000222,4.548685911116935e-15
517.7000000000222,4.4948500068940835e-15
517.8000000000222,4.441720867765343e-15
517.9000000000223,4.389293323468183e-15
518.0000000000223,4.337561932270115e-15
518.1000000000223,4.286521003148621e-15
518.2000000000223,4.236164616890864e-15
518.3000000000224,4.18648664614728e-15
518.4000000000224,4.137480774473388e-15
518.5000000000224,4.089140514394334e-15
518.6000000000224,4.041459224526689e-15
518.7000000000224,3.994430125791835e-15
518.8000000000225,3.948046316755012e-15
518.9000000000225,3.9023007881237434e-15
519.0000000000225,3.857186436438856e-15
519.1000000000225,3.812696076990769e-15
519.2000000000226,3.768822455993107e-15
519.3000000000226,3.7255582620450226e-15
519.4000000000226,3.682896136912844e-15
519.5000000000226,3.640828685660965e-15
519.6000000000226,3.599348486161004e-15
519.7000000000227,3.55844809800753e-15
519.8000000000227,3.518120070867705e-15
519.9000000000227,3.4783569522914285e-15
520.0000000000227,3.4391512950076413e-15
520.1000000000228,3.4004956637315897e-15
520.2000000000228,3.362382641507001e-15
520.3000000000228,3.324804835606235e-15
520.4000000000228,3.2877548830106274e-15
520.5000000000229,3.251225455492393e-15
520.6000000000229,3.2152092643186164e-15
520.7000000000229,3.1796990645970528e-15
520.8000000000229,3.1446876592826307e-15
520.9000000000229,3.110167902862793e-15
521.000000000023,3.076132704739018e-15
521.100000000023,3.0425750323211285e-15
521.200000000023,3.0094879138502702e-15
521.300000000023,2.9768644409657247e-15
521.400000000023,2.9446977710300475e-15
521.5000000000231,2.912981129226349e-15
521.6000000000231,2.8817078104409098e-15
521.7000000000231,2.8508711809436803e-15
521.8000000000231,2.8204646798786464e-15
521.9000000000232,2.7904818205754366e-15
522.0000000000232,2.7609161916930196e-15
522.1000000000232,2.7317614582057873e-15
522.2000000000232,2.703011362241827e-15
522.3000000000233,2.67465972378267e-15
522.4000000000233,2.64670044123336e-15
522.5000000000233,2.61912749187122e-15
522.6000000000233,2.591934932181249e-15
522.7000000000234,2.565116898085705e-15
522.8000000000234,2.538667605074993e-15
522.9000000000234,2.5125813482466246e-15
523.0000000000234,2.48685250225865e-15
523.1000000000234,2.4614755212036096e-15
523.2000000000235,2.4364449384087304e-15
523.3000000000235,2.411755366167784e-15
523.4000000000235,2.3874014954097097e-15
523.5000000000235,2.3633780953088324e-15
523.6000000000236,2.3396800128412322e-15
523.7000000000236,2.3163021722915634e-15
523.8000000000236,2.293239574714368e-15
523.9000000000236,2.2704872973537156e-15
524.0000000000236,2.2480404930247535e-15
524.1000000000237,2.225894389460559e-15
524.2000000000237,2.204044288627482e-15
524.3000000000237,2.1824855660119682e-15
524.4000000000237,2.161213669881685e-15
524.5000000000238,2.140224120523591e-15
524.6000000000238,2.1195125094614292e-15
524.7000000000238,2.0990744986549882e-15
524.8000000000238,2.078905819683291e-15
524.9000000000239,2.0590022729137817e-15
525.0000000000239,2.0393597266594073e-15
525.1000000000239,2.019974116325399e-15
525.2000000000239,2.0008414435474216e-15
525.3000000000239,1.9819577753226575e-15
525.400000000024,1.9633192431352877e-15
525.500000000024,1.944922042077728e-15
525.600000000024,1.9267624299688894e-15
525.700000000024,1.908836726470652e-15
525.800000000024,1.891141312203628e-15
525.9000000000241,1.8736726278632612e-15
526.0000000000241,1.856427173337185e-15
526.1000000000241,1.839401506824722e-15
526.2000000000241,1.8225922439593385e-15
526.3000000000242,1.8059960569347954e-15
526.4000000000242,1.789609673635685e-15
526.5000000000242,1.7734298767729914e-15
526.6000000000242,1.7574535030252504e-15
526.7000000000243,1.741677442185851e-15
526.8000000000243,1.7260986363169576e-15
526.9000000000243,1.7107140789105022e-15
527.0000000000243,1.6955208140566518e-15
527.1000000000244,1.6805159356201134e-15
527.2000000000244,1.6656965864246118e-15
527.3000000000244,1.651059957445834e-15
527.4000000000244,1.6366032870131074e-15
527.5000000000244,1.6223238600200532e-15
527.6000000000245,1.6082190071444106e-15
527.7000000000245,1.5942861040772369e-15
527.8000000000245,1.5805225707616194e-15
527.9000000000245,1.5669258706410536e-15
528.0000000000246,1.5534935099175973e-15
528.1000000000246,1.5402230368198927e-15
528.2000000000246,1.5271120408811451e-15
528.3000000000246,1.5141581522271082e-15
528.4000000000246,1.5013590408741277e-15
528.5000000000247,1.4887124160372742e-15
528.6000000000247,1.4762160254485781e-15
528.7000000000247,1.4638676546853724e-15
528.8000000000247,1.4516651265087384e-15
528.9000000000248,1.4396063002120298e-15
529.0000000000248,1.4276890709794557e-15
529.1000000000248,1.4159113692546717e-15
529.2000000000248,1.4042711601193472e-15
529.3000000000249,1.3927664426816403e-15
529.4000000000249,1.3813952494745322e-15
529.5000000000249,1.3701556458639405e-15
529.6000000000249,1.3590457294665443e-15
529.7000000000249,1.3480636295772415e-15
529.800000000025,1.3372075066061484e-15
529.900000000025,1.3264755515250569e-15
530.000000000025,1.3158659853232523e-15
530.100000000025,1.3053770584725965e-15
530.200000000025,1.295007050401776e-15
530.3000000000251,1.2847542689796085e-15
530.4000000000251,1.2746170500073056e-15
530.5000000000251,1.2645937567195782e-15
530.6000000000251,1.2546827792944809e-15
530.7000000000252,1.244882534371877e-15
530.8000000000252,1.2351914645804098e-15
530.9000000000252,1.225608038072874e-15
531.0000000000252,1.216130748069859e-15
531.1000000000253,1.2067581124115589e-15
531.2000000000253,1.1974886731176204e-15
531.3000000000253,1.188320995954923e-15
531.4000000000253,1.1792536700131626e-15
531.5000000000254,1.1702853072881271e-15
531.6000000000254,1.1614145422725428e-15
531.7000000000254,1.1526400315543762e-15
531.8000000000254,1.1439604534224713e-15
531.9000000000254,1.1353745074794043e-15
532.0000000000255,1.1268809142614443e-15
532.1000000000255,1.118478414865498e-15
532.2000000000255,1.1101657705829256e-15
532.3000000000255,1.1019417625401161e-15
532.4000000000256,1.0938051913457012e-15
532.5000000000256,1.0857548767443033e-15
532.6000000000256,1.0777896572767013e-15
532.7000000000256,1.0699083899463034e-15
532.8000000000256,1.0621099498918188e-15
532.9000000000257,1.0543932300660211e-15
533.0000000000257,1.0467571409204918e-15
533.1000000000257,1.0392006100962421e-15
533.2000000000257,1.0317225821201083e-15
533.3000000000258,1.0243220181068136e-15
533.4000000000258,1.0169978954665982e-15
533.5000000000258,1.009749207618315e-15
533.6000000000258,1.0025749637078905e-15
533.7000000000259,9.954741883320566e-16
533.8000000000259,9.884459212672513e-16
533.9000000000259,9.814892172035988e-16
534.0000000000259,9.746031454838693e-16
534.100000000026,9.677867898473312e-16
534.200000000026,9.610392481784001e-16
534.300000000026,9.543596322599994e-16
534.400000000026,9.477470675315395e-16
534.500000000026,9.41200692851433e-16
534.6000000000261,9.34719660264058e-16
534.7000000000261,9.283031347710845e-16
534.8000000000261,9.219502941070849e-16
534.9000000000261,9.15660328519343e-16
535.0000000000261,9.09432440551786e-16
535.1000000000262,9.032658448329547e-16
535.2000000000262,8.97159767867942e-16
535.3000000000262,8.911134478342184e-16
535.4000000000262,8.851261343812724e-16
535.5000000000263,8.791970884339909e-16
535.6000000000263,8.733255819997099e-16
535.7000000000263,8.675108979788625e-16
535.8000000000263,8.617523299791572e-16
535.9000000000264,8.560491821332149e-16
536.0000000000264,8.504007689196016e-16
536.1000000000264,8.448064149871887e-16
536.2000000000264,8.3926545498277735e-16
536.3000000000264,8.337772333819231e-16
536.4000000000265,8.283411043228989e-16
536.5000000000265,8.229564314437354e-16
536.6000000000265,8.176225877222801e-16
536.7000000000265,8.123389553192146e-16
536.8000000000266,8.071049254239739e-16
536.9000000000266,8.019198981035101e-16
537.0000000000266,7.9678328215384695e-16
537.1000000000266,7.916944949543698e-16
537.2000000000266,7.866529623247966e-16
537.3000000000267,7.816581183847807e-16
537.4000000000267,7.767094054160903e-16
537.5000000000267,7.71806273727319e-16
537.6000000000267,7.669481815210737e-16
537.7000000000268,7.621345947635948e-16
537.8000000000268,7.573649870567595e-16
537.9000000000268,7.526388395124222e-16
538.0000000000268,7.479556406290481e-16
538.1000000000269,7.433148861705923e-16
538.2000000000269,7.38716079047584e-16
538.3000000000269,7.341587292003699e-16
538.4000000000269,7.296423534844777e-16
538.500000000027,7.251664755580563e-16
538.600000000027,7.207306257713531e-16
538.700000000027,7.163343410581891e-16
538.800000000027,7.119771648293928e-16
538.900000000027,7.076586468681548e-16
539.0000000000271,7.0337834322726675e-16
539.1000000000271,6.991358161282061e-16
539.2000000000271,6.949306338620328e-16
539.3000000000271,6.907623706920625e-16
539.4000000000271,6.866306067582818e-16
539.5000000000272,6.825349279834708e-16
539.6000000000272,6.784749259810022e-16
539.7000000000272,6.744501979642826e-16
539.8000000000272,6.704603466578049e-16
539.9000000000273,6.665049802097821e-16
540.0000000000273,6.625837121063298e-16
540.1000000000273,6.586961610871686e-16
540.2000000000273,6.548419510628186e-16
540.3000000000274,6.510207110332553e-16
540.4000000000274,6.472320750079992e-16
540.5000000000274,6.434756819276133e-16
540.6000000000274,6.397511755865796e-16
540.7000000000274,6.360582045575287e-16
540.8000000000275,6.323964221167979e-16
540.9000000000275,6.287654861712909e-16
541.0000000000275,6.2516505918661495e-16
541.1000000000275,6.215948081164708e-16
541.2000000000276,6.180544043332726e-16
541.3000000000276,6.145435235599733e-16
541.4000000000276,6.110618458030727e-16
541.5000000000276,6.076090552867865e-16
541.6000000000276,6.041848403883539e-16
541.7000000000277,6.00788893574462e-16
541.8000000000277,5.97420911338767e-16
541.9000000000277,5.940805941404887e-16
542.0000000000277,5.9076764634406285e-16
542.1000000000278,5.874817761598261e-16
542.2000000000278,5.842226955857182e-16
542.3000000000278,5.809901203499801e-16
542.4000000000278,5.777837698548302e-16
542.5000000000279,5.746033671211002e-16
542.6000000000279,5.714486387338136e-16
542.7000000000279,5.683193147886853e-16
542.8000000000279,5.652151288395326e-16
542.900000000028,5.621358178465718e-16
543.000000000028,5.590811221255908e-16
543.100000000028,5.560507852979786e-16
543.200000000028,5.530445542415942e-16
543.300000000028,5.500621790424647e-16
543.4000000000281,5.471034129472893e-16
543.5000000000281,5.441680123167433e-16
543.6000000000281,5.412557365795591e-16
543.7000000000281,5.38366348187376e-16
543.8000000000281,5.35499612570341e-16
543.9000000000282,5.326552980934487e-16
544.0000000000282,5.298331760136058e-16
544.1000000000282,5.270330204374064e-16
544.2000000000282,5.242546082796079e-16
544.3000000000283,5.214977192222911e-16
544.4000000000283,5.187621356746937e-16
544.5000000000283,5.160476427337051e-16
544.6000000000283,5.133540281450111e-16
544.7000000000284,5.106810822648743e-16
544.8000000000284,5.080285980225411e-16
544.9000000000284,5.053963708832626e-16
545.0000000000284,5.027841988119195e-16
545.1000000000284,5.001918822372382e-16
545.2000000000285,4.9761922401659e-16
545.3000000000285,4.950660294013597e-16
545.4000000000285,4.925321060028766e-16
545.5000000000285,4.900172637588957e-16
545.6000000000286,4.875213149006207e-16
545.7000000000286,4.850440739202566e-16
545.8000000000286,4.825853575390856e-16
545.9000000000286,4.801449846760554e-16
546.0000000000286,4.7772277641687e-16
546.1000000000287,4.753185559835761e-16
546.2000000000287,4.729321487046342e-16
546.3000000000287,4.705633819854666e-16
546.4000000000287,4.682120852794757e-16
546.5000000000288,4.658780900595202e-16
546.6000000000288,4.635612297898453e-16
546.7000000000288,4.612613398984569e-16
546.8000000000288,4.589782577499306e-16
546.9000000000289,4.56711822618652e-16
547.0000000000289,4.544618756624768e-16
547.1000000000289,4.522282598968036e-16
547.2000000000289,4.500108201690566e-16
547.300000000029,4.478094031335643e-16
547.400000000029,4.456238572268331e-16
547.500000000029,4.4345403264320606e-16
547.600000000029,4.4129978131090004e-16
547.700000000029,4.391609568684159e-16
547.8000000000291,4.3703741464131507e-16
547.9000000000291,4.349290116193551e-16
548.0000000000291,4.3283560643397893e-16
548.1000000000291,4.30757059336152e-16
548.2000000000291,4.286932321745402e-16
548.3000000000292,4.2664398837402346e-16
548.4000000000292,4.2460919291453996e-16
548.5000000000292,4.2258871231025323e-16
548.6000000000292,4.205824145890389e-16
548.7000000000293,4.1859016927228383e-16
548.8000000000293,4.166118473549945e-16
548.9000000000293,4.146473212862061e-16
549.0000000000293,4.1269646494969037e-16
549.1000000000294,4.10759153644956e-16
549.2000000000294,4.0883526406853574e-16
549.3000000000294,4.0692467429555644e-16
549.4000000000294,4.050272637615875e-16
549.5000000000294,4.0314291324476185e-16
549.6000000000295,4.012715048481656e-16
549.7000000000295,3.9941292198249214e-16
549.8000000000295,3.975670493489559e-16
549.9000000000295,3.9573377292246064e-16
550.0000000000296,3.9391297993502013e-16
550.1000000000296,3.921045588594246e-16
550.2000000000296,3.903083993931502e-16
550.3000000000296,3.8852439244250757e-16
550.4000000000296,3.867524301070251e-16
550.5000000000297,3.8499240566406225e-16
550.6000000000297,3.832442135536515e-16
550.7000000000297,3.8150774936356183e-16
550.8000000000297,3.7978290981458308e-16
550.9000000000298,3.7806959274602626e-16
551.0000000000298,3.7636769710143524e-16
551.1000000000298,3.746771229145089e-16
551.2000000000298,3.7299777129522786e-16
551.3000000000299,3.713295444161836e-16
551.4000000000299,3.6967234549910674e-16
551.5000000000299,3.6802607880159067e-16
551.6000000000299,3.663906496040079e-16
551.70000000003,3.647659641966155e-16
551.80000000003,3.631519298668472e-16
551.90000000003,3.6154845488678836e-16
552.00000000003,3.599554485008313e-16
552.10000000003,3.583728209135085e-16
552.2000000000301,3.5680048327749974e-16
552.3000000000301,3.55238347681811e-16
552.4000000000301,3.53686327140123e-16
552.5000000000301,3.521443355793052e-16
552.6000000000301,3.5061228782809383e-16
552.7000000000302,3.490900996059308e-16
552.8000000000302,3.475776875119612e-16
552.9000000000302,3.460749690141864e-16
553.0000000000302,3.445818624387709e-16
553.1000000000303,3.4309828695949973e-16
553.2000000000303,3.4162416258738484e-16
553.3000000000303,3.40159410160418e-16
553.4000000000303,3.387039513334666e-16
553.5000000000304,3.372577085683121e-16
553.6000000000304,3.3582060512382773e-16
553.7000000000304,3.3439256504629285e-16
553.8000000000304,3.329735131598433e-16
553.9000000000304,3.31563375057054e-16
554.0000000000305,3.3016207708965284e-16
554.1000000000305,3.28769546359363e-16
554.2000000000305,3.2738571070887294e-16
554.3000000000305,3.260104987129303e-16
554.4000000000306,3.246438396695593e-16
554.5000000000306,3.23285663591399e-16
554.6000000000306,3.2193590119716087e-16
554.7000000000306,3.2059448390320333e-16
554.8000000000306,3.192613438152221e-16
554.9000000000307,3.179364137200545e-16
555.0000000000307,3.166196270775945e-16
555.1000000000307,3.1531091801282006e-16
555.2000000000307,3.140102213079269e-16
555.3000000000308,3.127174723945707e-16
555.4000000000308,3.114326073462139e-16
555.5000000000308,3.101555628705761e-16
555.6000000000308,3.0888627630218705e-16
555.7000000000309,3.0762468559503926e-16
555.8000000000309,3.06370729315341e-16
555.9000000000309,3.0512434663436515e-16
556.0000000000309,3.038854773213954e-16
556.100000000031,3.026540617367664e-16
556.200000000031,3.014300408249972e-16
556.300000000031,3.002133561080163e-16
556.400000000031,2.990039496784773e-16
556.500000000031,2.978017641931636e-16
556.6000000000311,2.966067428664802e-16
556.7000000000311,2.954188294640326e-16
556.8000000000311,2.942379682962904e-16
556.9000000000311,2.9306410421233454e-16
557.0000000000312,2.918971825936877e-16
557.1000000000312,2.907371493482253e-16
557.2000000000312,2.8958395090416717e-16
557.3000000000312,2.884375342041477e-16
557.4000000000312,2.872978466993642e-16
557.5000000000313,2.8616483634380164e-16
557.6000000000313,2.85038451588533e-16
557.7000000000313,2.8391864137609353e-16
557.8000000000313,2.828053551349291e-16
557.9000000000314,2.816985427739163e-16
558.0000000000314,2.8059815467695337e-16
558.1000000000314,2.7950414169762177e-16
558.2000000000314,2.784164551539168e-16
558.3000000000314,2.773350468230461e-16
558.4000000000315,2.7625986893629503e-16
558.5000000000315,2.751908741739587e-16
558.6000000000315,2.7412801566033864e-16
558.7000000000315,2.7307124695880414e-16
558.8000000000316,2.7202052206691633e-16
558.9000000000316,2.709757954116154e-16
559.0000000000316,2.69937021844468e-16
559.1000000000316,2.6890415663697713e-16
559.2000000000317,2.6787715547594946e-16
559.3000000000317,2.6685597445892365e-16
559.4000000000317,2.6584057008965507e-16
559.5000000000317,2.6483089927365873e-16
559.6000000000317,2.6382691931380786e-16
559.7000000000318,2.6282858790598873e-16
559.8000000000318,2.618358631348094e-16
559.9000000000318,2.6084870346936345e-16
560.0000000000318,2.59867067759046e-16
560.1000000000319,2.588909152294228e-16
560.2000000000319,2.579202054781508e-16
560.3000000000319,2.5695489847095004e-16
560.4000000000319,2.5599495453762495e-16
560.500000000032,2.550403343681364e-16
560.600000000032,2.5409099900872175e-16
560.700000000032,2.5314690985806336e-16
560.800000000032,2.5220802866350487e-16
560.900000000032,2.512743175173137e-16
561.0000000000321,2.503457388529904e-16
561.1000000000321,2.4942225544162313e-16
561.2000000000321,2.4850383038828724e-16
561.3000000000321,2.4759042712848893e-16
561.4000000000322,2.46682009424653e-16
561.5000000000322,2.4577854136265317e-16
561.6000000000322,2.4487998734838508e-16
561.7000000000322,2.4398631210438135e-16
561.8000000000322,2.430974806664675e-16
561.9000000000323,2.4221345838045936e-16
562.0000000000323,2.4133421089889966e-16
562.1000000000323,2.40459704177835e-16
562.2000000000323,2.395899044736317e-16
562.3000000000324,2.3872477833983e-16
562.4000000000324,2.3786429262403674e-16
562.5000000000324,2.370084144648548e-16
562.6000000000324,2.3615711128885017e-16
562.7000000000324,2.3531035080755544e-16
562.8000000000325,2.34468101014509e-16
562.9000000000325,2.336303301823296e-16
563.0000000000325,2.327970068598268e-16
563.1000000000325,2.3196809986914474e-16
563.2000000000326,2.31143578302941e-16
563.3000000000326,2.3032341152159854e-16
563.4000000000326,2.295075691504711e-16
563.5000000000326,2.286960210771609e-16
563.6000000000327,2.278887374488293e-16
563.7000000000327,2.270856886695383e-16
563.8000000000327,2.262868453976249e-16
563.9000000000327,2.2549217854310495e-16
564.0000000000327,2.2470165926510835e-16
564.1000000000328,2.2391525896934476e-16
564.2000000000328,2.231329493055984e-16
564.3000000000328,2.2235470216525224e-16
564.4000000000328,2.2158048967884216e-16
564.5000000000329,2.2081028421363826e-16
564.6000000000329,2.2004405837125578e-16
564.7000000000329,2.1928178498529283e-16
564.8000000000329,2.1852343711899628e-16
564.900000000033,2.177689880629544e-16
565.000000000033,2.1701841133281663e-16
565.100000000033,2.162716806670393e-16
565.200000000033,2.1552877002465777e-16
565.300000000033,2.1478965358308443e-16
565.4000000000331,2.140543057359315e-16
565.5000000000331,2.133227010908597e-16
565.6000000000331,2.1259481446745091e-16
565.7000000000331,2.1187062089510582e-16
565.8000000000332,2.1115009561096525e-16
565.9000000000332,2.1043321405785567e-16
566.0000000000332,2.097199518822578e-16
566.1000000000332,2.0901028493229874e-16
566.2000000000332,2.0830418925576662e-16
566.3000000000333,2.0760164109814826e-16
566.4000000000333,2.069026169006887e-16
566.5000000000333,2.062070932984731e-16
566.6000000000333,2.0551504711852995e-16
566.7000000000334,2.048264553779562e-16
566.8000000000334,2.0414129528206327e-16
566.9000000000334,2.0345954422254397e-16
567.0000000000334,2.0278117977566004e-16
567.1000000000334,2.0210617970045035e-16
567.2000000000335,2.014345219369588e-16
567.3000000000335,2.0076618460448225e-16
567.4000000000335,2.0010114599983818e-16
567.5000000000335,1.9943938459565152e-16
567.6000000000336,1.9878087903866076e-16
567.7000000000336,1.9812560814804263e-16
567.8000000000336,1.9747355091375586e-16
567.9000000000336,1.9682468649490296e-16
568.0000000000337,1.9617899421811026e-16
568.1000000000337,1.955364535759261e-16
568.2000000000337,1.948970442252364e-16
568.3000000000337,1.9426074598569786e-16
568.4000000000337,1.9362753883818869e-16
568.5000000000338,1.92997402923276e-16
568.6000000000338,1.9237031853970004e-16
568.7000000000338,1.9174626614287554e-16
568.8000000000338,1.9112522634340908e-16
568.9000000000339,1.9050717990563257e-16
569.0000000000339,1.8989210774615328e-16
569.1000000000339,1.892799909324191e-16
569.2000000000339,1.8867081068129981e-16
569.300000000034,1.8806454835768385e-16
569.400000000034,1.8746118547308975e-16
569.500000000034,1.8686070368429347e-16
569.600000000034,1.8626308479196996e-16
569.700000000034,1.856683107393496e-16
569.8000000000341,1.8507636361088924e-16
569.9000000000341,1.8448722563095762e-16
570.0000000000341,1.8390087916253462e-16
570.1000000000341,1.8331730670592483e-16
570.2000000000342,1.8273649089748493e-16
570.3000000000342,1.8215841450836443e-16
570.4000000000342,1.815830604432601e-16
570.5000000000342,1.8101041173918387e-16
570.6000000000342,1.804404515642434e-16
570.7000000000343,1.798731632164363e-16
570.8000000000343,1.7930853012245647e-16
570.9000000000343,1.7874653583651388e-16
571.0000000000343,1.781871640391662e-16
571.1000000000344,1.7763039853616324e-16
571.2000000000344,1.7707622325730356e-16
571.3000000000344,1.7652462225530288e-16
571.4000000000344,1.7597557970467494e-16
571.5000000000344,1.7542907990062363e-16
571.6000000000345,1.7488510725794721e-16
571.7000000000345,1.7434364630995372e-16
571.8000000000345,1.7380468170738792e-16
571.9000000000345,1.7326819821736958e-16
572.0000000000346,1.7273418072234276e-16
572.1000000000346,1.7220261421903585e-16
572.2000000000346,1.716734838174329e-16
572.3000000000346,1.711467747397555e-16
572.4000000000347,1.7062247231945513e-16
572.5000000000347,1.7010056200021596e-16
572.6000000000347,1.6958102933496841e-16
572.7000000000347,1.6906385998491225e-16
572.8000000000347,1.6854903971855048e-16
572.9000000000348,1.6803655441073283e-16
573.0000000000348,1.6752639004170916e-16
573.1000000000348,1.6701853269619263e-16
573.2000000000348,1.6651296856243257e-16
573.3000000000349,1.6600968393129694e-16
573.4000000000349,1.6550866519536399e-16
573.5000000000349,1.6500989884802337e-16
573.6000000000349,1.645133714825865e-16
573.700000000035,1.6401906979140582e-16
573.800000000035,1.6352698056500323e-16
573.900000000035,1.6303709069120743e-16
574.000000000035,1.625493871542998e-16
574.100000000035,1.6206385703416907e-16
574.2000000000351,1.6158048750547496e-16
574.3000000000351,1.610992658368194e-16
574.4000000000351,1.6062017938992725e-16
574.5000000000351,1.6014321561883433e-16
574.6000000000352,1.5966836206908415e-16
574.7000000000352,1.5919560637693275e-16
574.8000000000352,1.5872493626856137e-16
574.9000000000352,1.5825633955929709e-16
575.0000000000352,1.577898041528412e-16
575.1000000000353,1.5732531804050554e-16
575.2000000000353,1.5686286930045642e-16
575.3000000000353,1.5640244609696573e-16
575.4000000000353,1.559440366796702e-16
575.5000000000354,1.5548762938283733e-16
575.6000000000354,1.550332126246392e-16
575.7000000000354,1.545807749064332e-16
575.8000000000354,1.5413030481204994e-16
575.9000000000354,1.5368179100708827e-16
576.0000000000355,1.5323522223821732e-16
576.1000000000355,1.5279058733248534e-16
576.2000000000355,1.5234787519663535e-16
576.3000000000355,1.519070748164278e-16
576.4000000000356,1.514681752559695e-16
576.5000000000356,1.510311656570494e-16
576.6000000000356,1.5059603523848098e-16
576.7000000000356,1.501627732954509e-16
576.8000000000357,1.4973136919887393e-16
576.9000000000357,1.493018123947547e-16
577.0000000000357,1.4887409240355492e-16
577.1000000000357,1.4844819881956765e-16
577.2000000000357,1.480241213102968e-16
577.3000000000358,1.4760184961584339e-16
577.4000000000358,1.4718137354829732e-16
577.5000000000358,1.4676268299113526e-16
577.6000000000358,1.4634576789862426e-16
577.7000000000359,1.4593061829523118e-16
577.8000000000359,1.4551722427503787e-16
577.9000000000359,1.4510557600116205e-16
578.0000000000359,1.4469566370518346e-16
578.100000000036,1.4428747768657602e-16
578.200000000036,1.4388100831214492e-16
578.300000000036,1.4347624601546963e-16
578.400000000036,1.4307318129635193e-16
578.500000000036,1.4267180472026929e-16
578.6000000000361,1.4227210691783343e-16
578.7000000000361,1.4187407858425431e-16
578.8000000000361,1.4147771047880884e-16
578.9000000000361,1.4108299342431507e-16
579.0000000000362,1.4068991830661096e-16
579.1000000000362,1.4029847607403845e-16
579.2000000000362,1.3990865773693234e-16
579.3000000000362,1.395204543671138e-16
579.4000000000362,1.39133857097389e-16
579.5000000000363,1.3874885712105232e-16
579.6000000000363,1.3836544569139413e-16
579.7000000000363,1.3798361412121348e-16
579.8000000000363,1.376033537823352e-16
579.9000000000364,1.3722465610513158e-16
580.0000000000364,1.368475125780485e-16
580.1000000000364,1.3647191474713614e-16
580.2000000000364,1.3609785421558393e-16
580.3000000000364,1.3572532264326004e-16
580.4000000000365,1.353543117462549e-16
580.5000000000365,1.3498481329642923e-16
580.6000000000365,1.3461681912096617e-16
580.7000000000365,1.3425032110192763e-16
580.8000000000366,1.3388531117581478e-16
580.9000000000366,1.3352178133313245e-16
581.0000000000366,1.3315972361795778e-16
581.1000000000366,1.327991301275128e-16
581.2000000000367,1.3243999301174099e-16
581.3000000000367,1.3208230447288758e-16
581.4000000000367,1.3172605676508398e-16
581.5000000000367,1.313712421939359e-16
581.6000000000367,1.310178531161152e-16
581.7000000000368,1.306658819389557e-16
581.8000000000368,1.3031532112005247e-16
581.9000000000368,1.2996616316686487e-16
582.0000000000368,1.2961840063632342e-16
582.1000000000369,1.2927202613443995e-16
582.2000000000369,1.289270323159215e-16
582.3000000000369,1.2858341188378768e-16
582.4000000000369,1.2824115758899165e-16
582.500000000037,1.2790026223004427e-16
582.600000000037,1.2756071865264203e-16
582.700000000037,1.27222519749298e-16
582.800000000037,1.2688565845897636e-16
582.900000000037,1.2655012776673017e-16
583.0000000000371,1.2621592070334247e-16
583.1000000000371,1.2588303034497043e-16
583.2000000000371,1.2555144981279303e-16
583.3000000000371,1.2522117227266156e-16
583.4000000000372,1.2489219093475357e-16
583.5000000000372,1.2456449905322982e-16
583.6000000000372,1.242380899258941e-16
583.7000000000372,1.2391295689385652e-16
583.8000000000372,1.2358909334119948e-16
583.9000000000373,1.2326649269464667e-16
584.0000000000373,1.229451484232353e-16
584.1000000000373,1.2262505403799082e-16
584.2000000000373,1.223062030916049e-16
584.3000000000374,1.2198858917811611e-16
584.4000000000374,1.2167220593259352e-16
584.5000000000374,1.2135704703082286e-16
584.6000000000374,1.2104310618899595e-16
584.7000000000374,1.2073037716340244e-16
584.8000000000375,1.2041885375012444e-16
584.9000000000375,1.2010852978473385e-16
585.0000000000375,1.1979939914199233e-16
585.1000000000375,1.1949145573555405e-16
585.2000000000376,1.1918469351767076e-16
585.3000000000376,1.1887910647889974e-16
585.4000000000376,1.1857468864781428e-16
585.5000000000376,1.182714340907165e-16
585.6000000000377,1.179693369113529e-16
585.7000000000377,1.1766839125063221e-16
585.8000000000377,1.1736859128634606e-16
585.9000000000377,1.1706993123289147e-16
586.0000000000377,1.1677240534099647e-16
586.1000000000378,1.1647600789744767e-16
586.2000000000378,1.1618073322482015e-16
586.3000000000378,1.1588657568120998e-16
586.4000000000378,1.1559352965996898e-16
586.5000000000379,1.153015895894416e-16
586.6000000000379,1.1501074993270433e-16
586.7000000000379,1.1472100518730707e-16
586.8000000000379,1.1443234988501703e-16
586.900000000038,1.1414477859156473e-16
587.000000000038,1.1385828590639209e-16
587.100000000038,1.1357286646240279e-16
587.200000000038,1.1328851492571478e-16
587.300000000038,1.1300522599541477e-16
587.4000000000381,1.127229944033152e-16
587.5000000000381,1.124418149137127e-16
587.6000000000381,1.1216168232314924e-16
587.7000000000381,1.1188259146017481e-16
587.8000000000382,1.1160453718511256e-16
587.9000000000382,1.1132751438982554e-16
588.0000000000382,1.1105151799748564e-16
588.1000000000382,1.1077654296234461e-16
588.2000000000382,1.1050258426950674e-16
588.3000000000383,1.1022963693470367e-16
588.4000000000383,1.0995769600407101e-16
588.5000000000383,1.0968675655392699e-16
588.6000000000383,1.0941681369055272e-16
588.7000000000384,1.0914786254997465e-16
588.8000000000384,1.0887989829774856e-16
588.9000000000384,1.0861291612874552e-16
589.0000000000384,1.0834691126693967e-16
589.1000000000384,1.0808187896519766e-16
589.2000000000385,1.0781781450507e-16
589.3000000000385,1.0755471319658408e-16
589.4000000000385,1.072925703780389e-16
589.5000000000385,1.0703138141580167e-16
589.6000000000386,1.0677114170410581e-16
589.7000000000386,1.06511846664851e-16
589.8000000000386,1.0625349174740463e-16
589.9000000000386,1.0599607242840502e-16
590.0000000000387,1.0573958421156623e-16
590.1000000000387,1.0548402262748453e-16
590.2000000000387,1.0522938323344642e-16
590.3000000000387,1.0497566161323839e-16
590.4000000000387,1.0472285337695797e-16
590.5000000000388,1.044709541608267e-16
590.6000000000388,1.0421995962700433e-16
590.7000000000388,1.0396986546340471e-16
590.8000000000388,1.0372066738351323e-16
590.9000000000389,1.0347236112620567e-16
591.0000000000389,1.0322494245556856e-16
591.1000000000389,1.0297840716072103e-16
591.2000000000389,1.0273275105563821e-16
591.300000000039,1.0248796997897586e-16
591.400000000039,1.0224405979389661e-16
591.500000000039,1.0200101638789763e-16
591.600000000039,1.0175883567263962e-16
591.700000000039,1.0151751358377724e-16
591.8000000000391,1.0127704608079082e-16
591.9000000000391,1.0103742914681973e-16
592.0000000000391,1.0079865878849665e-16
592.1000000000391,1.0056073103578368e-16
592.2000000000392,1.0032364194180943e-16
592.3000000000392,1.0008738758270745e-16
592.4000000000392,9.98519640574563e-17
592.5000000000392,9.961736748772047e-17
592.6000000000392,9.938359401769279e-17
592.7000000000393,9.915063981393828e-17
592.8000000000393,9.89185010652389e-17
592.9000000000393,9.868717398243982e-17
593.0000000000393,9.845665479829687e-17
593.1000000000394,9.822693976732514e-17
593.2000000000394,9.799802516564881e-17
593.3000000000394,9.776990729085229e-17
593.4000000000394,9.754258246183246e-17
593.5000000000394,9.731604701865211e-17
593.6000000000395,9.709029732239447e-17
593.7000000000395,9.686532975501912e-17
593.8000000000395,9.664114071921877e-17
593.9000000000395,9.641772663827741e-17
594.0000000000396,9.619508395592946e-17
594.1000000000396,9.597320913622007e-17
594.2000000000396,9.575209866336659e-17
594.3000000000396,9.553174904162095e-17
594.4000000000397,9.53121567951334e-17
594.5000000000397,9.509331846781713e-17
594.6000000000397,9.487523062321402e-17
594.7000000000397,9.465788984436141e-17
594.8000000000397,9.444129273366001e-17
594.9000000000398,9.42254359127428e-17
595.0000000000398,9.40103160223449e-17
595.1000000000398,9.379592972217459e-17
595.2000000000398,9.358227369078519e-17
595.3000000000399,9.336934462544812e-17
595.4000000000399,9.315713924202675e-17
595.5000000000399,9.29456542748515e-17
595.6000000000399,9.273488647659557e-17
595.70000000004,9.252483261815201e-17
595.80000000004,9.231548948851144e-17
595.90000000004,9.210685389464098e-17
596.00000000004,9.189892266136384e-17
596.10000000004,9.169169263124012e-17
596.2000000000401,9.148516066444841e-17
596.3000000000401,9.127932363866821e-17
596.4000000000401,9.107417844896352e-17
596.5000000000401,9.086972200766704e-17
596.6000000000402,9.066595124426548e-17
596.7000000000402,9.046286310528564e-17
596.8000000000402,9.026045455418141e-17
596.9000000000402,9.005872257122166e-17
597.0000000000402,8.985766415337895e-17
597.1000000000403,8.965727631421909e-17
597.2000000000403,8.945755608379162e-17
597.3000000000403,8.925850050852102e-17
597.4000000000403,8.906010665109892e-17
597.5000000000404,8.886237159037687e-17
597.6000000000404,8.866529242126031e-17
597.7000000000404,8.846886625460286e-17
597.8000000000404,8.827309021710197e-17
597.9000000000404,8.807796145119482e-17
598.0000000000405,8.788347711495553e-17
598.1000000000405,8.768963438199265e-17
598.2000000000405,8.74964304413479e-17
598.3000000000405,8.730386249739528e-17
598.4000000000406,8.71119277697412e-17
598.5000000000406,8.69206234931253e-17
598.6000000000406,8.672994691732197e-17
598.7000000000406,8.653989530704264e-17
598.8000000000407,8.635046594183891e-17
598.9000000000407,8.616165611600621e-17
599.0000000000407,8.597346313848833e-17
599.1000000000407,8.578588433278262e-17
599.2000000000407,8.559891703684603e-17
599.3000000000408,8.541255860300159e-17
599.4000000000408,8.52268063978458e-17
599.5000000000408,8.504165780215664e-17
599.6000000000408,8.48571102108024e-17
599.7000000000409,8.467316103265091e-17
599.8000000000409,8.448980769047973e-17
599.9000000000409,8.430704762088688e-17
600.0000000000409,8.412487827420219e-17
